6 0.07786458333333333 0.7322029629629629 0.15572916666666667 0.17366513888888888 0.030280677083333332 0.6701796759259259 0 0.03151661458333333 0.7662008796296296 0 0.11519966145833332 0.8061094444444444 2 0.08960606770833333 0.7666603240740741 0 0 0 0 0 0 0 0 0 0 0 0 0 0 0 0 0 0 0 0 0 0 0 0 0 0 0 0 0 0 0
6 0.4121222916666667 0.6134696296296296 0.10126604166666667 0.08542814814814814 0.37371682291666664 0.5818131018518519 0 0.37460888020833333 0.6359988425925925 0 0.45591867187499996 0.6351918055555555 2 0.40717903645833337 0.6517772222222222 2 0 0 0 0 0 0 0 0 0 0 0 0 0 0 0 0 0 0 0 0 0 0 0 0 0 0 0 0 0 0
6 0.5981887760416666 0.5621610185185185 0.03835989583333333 0.0450975 0.615120625 0.5472012037037037 0 0.5829200260416666 0.5788245833333333 2 0.6140592447916667 0.575347037037037 2 0.602626484375 0.5793596296296296 2 0 0 0 0 0 0 0 0 0 0 0 0 0 0 0 0 0 0 0 0 0 0 0 0 0 0 0 0 0 0
6 0.6438981770833333 0.7375286111111111 0.15133903645833333 0.1947463888888889 0.683347421875 0.826555787037037 2 0.7118274479166666 0.7416910185185185 2 0.6376985416666667 0.665109212962963 0 0.6368159375 0.7771563888888888 0 0 0 0 0 0 0 0 0 0 0 0 0 0 0 0 0 0 0 0 0 0 0 0 0 0 0 0 0 0 0
6 0.6167650260416667 0.6206972685185186 0.08623645833333334 0.07748504629629631 0.6431150520833333 0.5930240277777779 0 0.649315546875 0.6427750462962963 2 0.5836258854166666 0.654804212962963 2 0.6102630729166666 0.6360712962962963 0 0 0 0 0 0 0 0 0 0 0 0 0 0 0 0 0 0 0 0 0 0 0 0 0 0 0 0 0 0 0
6 0.7140411718749999 0.5612875462962963 0.0334371875 0.043439768518518516 0.7224719270833333 0.5797049537037038 2 0.727187421875 0.5753863888888888 2 0.7007520572916667 0.578180787037037 2 0.7249011197916667 0.5466806018518519 0 0 0 0 0 0 0 0 0 0 0 0 0 0 0 0 0 0 0 0 0 0 0 0 0 0 0 0 0 0 0
6 0.74630421875 0.5413188888888889 0.019085807291666666 0.0287 0.7511641927083333 0.5521867129629631 2 0.75379578125 0.5506731481481482 2 0.7383158333333333 0.551085925925926 2 0.7413344270833334 0.5502603240740741 2 0 0 0 0 0 0 0 0 0 0 0 0 0 0 0 0 0 0 0 0 0 0 0 0 0 0 0 0 0 0
6 0.7793599479166667 0.5373377314814815 0.015361484375000001 0.02257976851851852 0.7845519791666666 0.5449660185185186 2 0.7852323958333333 0.5428195833333334 0 0.7739104947916666 0.5442031944444444 2 0.7788940885416668 0.5428833796296296 0 0 0 0 0 0 0 0 0 0 0 0 0 0 0 0 0 0 0 0 0 0 0 0 0 0 0 0 0 0 0
6 0.757655390625 0.51965 0.009362578125 0.014387685185185186 0.76067046875 0.5251511574074074 2 0.7615177343749999 0.5234480555555555 0 0.754878359375 0.5247280092592592 2 0.7575222135416666 0.5234898611111112 0 0 0 0 0 0 0 0 0 0 0 0 0 0 0 0 0 0 0 0 0 0 0 0 0 0 0 0 0 0 0
6 0.7331777864583333 0.5179573148148149 0.010235364583333333 0.014951944444444445 0.7296469791666667 0.5231763888888888 2 0.731471875 0.523599537037037 2 0.73512171875 0.5233174537037037 2 0.7368672656249999 0.523599537037037 2 0 0 0 0 0 0 0 0 0 0 0 0 0 0 0 0 0 0 0 0 0 0 0 0 0 0 0 0 0 0
6 0.7714215625 0.5219774074074074 0.0088071875 0.01452875 0.7740795833333334 0.5262796296296296 2 0.775688203125 0.5251160648148149 0 0.7686841927083333 0.5259975 2 0.7716334635416667 0.5251556481481481 0 0 0 0 0 0 0 0 0 0 0 0 0 0 0 0 0 0 0 0 0 0 0 0 0 0 0 0 0 0 0