6 0.13758484375 0.7232602314814814 0.240209609375 0.2275537962962963 0.21098223958333331 0.6419910185185185 0 0.20907580729166667 0.767807824074074 0 0.22356799479166664 0.7777895833333334 2 0.07912799479166667 0.825424537037037 2 0 0 0 0 0 0 0 0 0 0 0 0 0 0 0 0 0 0 0 0 0 0 0 0 0 0 0 0 0 0
6 0.3169306510416667 0.6326518055555556 0.14402132812500001 0.11462162037037037 0.3609371614583334 0.5917155092592592 0 0.359794140625 0.6550909722222222 0 0.37010130208333336 0.6601907407407407 2 0.2955786458333333 0.6832639351851852 2 0 0 0 0 0 0 0 0 0 0 0 0 0 0 0 0 0 0 0 0 0 0 0 0 0 0 0 0 0 0
6 0.590787265625 0.5835775 0.059452421875 0.06130203703703703 0.60895328125 0.5616838888888889 0 0.6084814322916666 0.5955784259259259 0 0.6169463281249999 0.5994314814814814 2 0.598601015625 0.6090948148148149 2 0 0 0 0 0 0 0 0 0 0 0 0 0 0 0 0 0 0 0 0 0 0 0 0 0 0 0 0 0 0
6 0.629261484375 0.5358645370370371 0.06879494791666667 0.07277731481481482 0.6548995833333334 0.560273888888889 2 0.6380692708333334 0.5677152777777779 2 0.64949296875 0.5303533796296297 0 0.6240745572916667 0.5503044907407407 0 0 0 0 0 0 0 0 0 0 0 0 0 0 0 0 0 0 0 0 0 0 0 0 0 0 0 0 0 0 0
6 0.6850425 0.5806044907407407 0.043889973958333335 0.051580092592592594 0.6956984895833334 0.6043313425925926 2 0.7045608854166667 0.5945780092592593 2 0.6668956770833333 0.5996422685185185 2 0.6883516666666666 0.5908386574074074 0 0 0 0 0 0 0 0 0 0 0 0 0 0 0 0 0 0 0 0 0 0 0 0 0 0 0 0 0 0 0
6 0.6026825 0.7859025925925927 0.18464088541666665 0.26979490740740736 0.6438543229166667 0.9063110648148148 2 0.6854477083333333 0.8023900462962963 2 0.6210903645833333 0.8303687962962963 0 0.6135023958333333 0.7494303240740742 0 0 0 0 0 0 0 0 0 0 0 0 0 0 0 0 0 0 0 0 0 0 0 0 0 0 0 0 0 0 0
6 0.7617523697916667 0.558743611111111 0.028766015625 0.04686175925925926 0.7728540885416667 0.5792577314814815 2 0.7747134895833334 0.574785462962963 2 0.7496662760416667 0.5769243981481481 2 0.7595835156249999 0.5680415740740741 0 0 0 0 0 0 0 0 0 0 0 0 0 0 0 0 0 0 0 0 0 0 0 0 0 0 0 0 0 0 0
6 0.6919349479166667 0.5314150925925927 0.018847864583333332 0.030058287037037036 0.6988145312499999 0.5207094444444444 0 0.69865390625 0.537442962962963 0 0.6990405729166667 0.541496574074074 2 0.6964904166666667 0.5427335185185185 2 0 0 0 0 0 0 0 0 0 0 0 0 0 0 0 0 0 0 0 0 0 0 0 0 0 0 0 0 0 0
6 0.7219397395833334 0.5305825925925926 0.0153434375 0.019577777777777777 0.7291209895833333 0.523900925925926 0 0.7160922916666668 0.5387782407407408 2 0.727656875 0.537909212962963 2 0.7220969270833333 0.5359844444444445 0 0 0 0 0 0 0 0 0 0 0 0 0 0 0 0 0 0 0 0 0 0 0 0 0 0 0 0 0 0 0
6 0.7145041927083333 0.5256299537037037 0.013111953124999999 0.018475277777777778 0.7185106250000001 0.5190316203703704 0 0.7104728645833334 0.5332743518518518 2 0.7135849739583333 0.5189827777777778 0 0.7135155989583333 0.5292956944444445 0 0 0 0 0 0 0 0 0 0 0 0 0 0 0 0 0 0 0 0 0 0 0 0 0 0 0 0 0 0 0
6 0.759894765625 0.5192237037037037 0.009040234375000001 0.016373333333333333 0.7630292447916667 0.513552175925926 0 0.7629538281249999 0.5232866203703703 0 0.7567915104166667 0.525219212962963 2 0.7594093489583333 0.5233331944444444 0 0 0 0 0 0 0 0 0 0 0 0 0 0 0 0 0 0 0 0 0 0 0 0 0 0 0 0 0 0 0
6 0.7459263020833333 0.5383255555555556 0.0194203125 0.02938828703703704 0.7522324739583334 0.5278297685185185 0 0.7520746875000001 0.5440787962962963 0 0.7386956770833333 0.5502807407407407 2 0.7446582552083334 0.5441565740740741 0 0 0 0 0 0 0 0 0 0 0 0 0 0 0 0 0 0 0 0 0 0 0 0 0 0 0 0 0 0 0