6 0.088913046875 0.6901652314814816 0.17782609375 0.16301916666666666 0.03457729166666667 0.6319441203703704 0 0.03598861979166667 0.7220790277777779 0 0.139347109375 0.7290156018518519 2 0.024081510416666667 0.7526305092592592 2 0 0 0 0 0 0 0 0 0 0 0 0 0 0 0 0 0 0 0 0 0 0 0 0 0 0 0 0 0 0
6 0.5475797916666667 0.5997030092592592 0.06977723958333333 0.07930967592592593 0.575605078125 0.6031600925925926 0 0.5683468229166666 0.6152292592592592 0 0.5781832552083334 0.6197981018518518 2 0.5530287239583332 0.6323392592592592 2 0 0 0 0 0 0 0 0 0 0 0 0 0 0 0 0 0 0 0 0 0 0 0 0 0 0 0 0 0 0
6 0.6409404427083333 0.5639415277777778 0.03824377604166666 0.044291574074074073 0.6526260416666666 0.5481231481481481 0 0.6253890104166667 0.5835483333333333 2 0.6579200520833334 0.5788934722222223 2 0.6476846614583334 0.5834072685185185 2 0 0 0 0 0 0 0 0 0 0 0 0 0 0 0 0 0 0 0 0 0 0 0 0 0 0 0 0 0 0
6 0.6727613541666667 0.5279209259259259 0.04124752604166667 0.05167791666666667 0.6853647656249999 0.5094644907407407 0 0.6850373958333333 0.5380377314814815 0 0.6881402864583334 0.54680625 2 0.6788951302083334 0.550757175925926 2 0 0 0 0 0 0 0 0 0 0 0 0 0 0 0 0 0 0 0 0 0 0 0 0 0 0 0 0 0 0
6 0.7035320052083333 0.5270272685185184 0.014901197916666666 0.024970555555555555 0.7193996093749999 0.5188122222222222 0 0.6982297916666667 0.5369122685185185 2 0.709793046875 0.5358590740740741 2 0.7073452864583333 0.536815787037037 2 0 0 0 0 0 0 0 0 0 0 0 0 0 0 0 0 0 0 0 0 0 0 0 0 0 0 0 0 0 0
6 0.7208553906249999 0.5244033796296296 0.016786223958333336 0.0340887962962963 0.7274679166666667 0.509459074074074 0 0.713834921875 0.5394180555555556 2 0.7275518229166666 0.5377836111111111 2 0.7198297916666667 0.5315531944444445 0 0 0 0 0 0 0 0 0 0 0 0 0 0 0 0 0 0 0 0 0 0 0 0 0 0 0 0 0 0 0
6 0.7670186458333333 0.525519212962963 0.010043098958333333 0.01642300925925926 0.7704954427083333 0.5306848611111111 2 0.7674969270833334 0.5246776388888889 0 0.76419125 0.5301326851851852 2 0.7644987760416666 0.5302693981481482 0 0 0 0 0 0 0 0 0 0 0 0 0 0 0 0 0 0 0 0 0 0 0 0 0 0 0 0 0 0 0
6 0.7719490104166666 0.5184243981481482 0.008124114583333333 0.014710277777777779 0.77478875 0.5244035185185185 2 0.7757836197916668 0.5214229166666666 0 0.7721430208333333 0.5116771296296296 0 0.7720906510416667 0.5214693055555556 0 0 0 0 0 0 0 0 0 0 0 0 0 0 0 0 0 0 0 0 0 0 0 0 0 0 0 0 0 0 0
6 0.7295391145833333 0.5266035185185185 0.01005890625 0.018695277777777776 0.7266134114583332 0.5199375462962963 0 0.7268119010416666 0.530444537037037 0 0.7331245572916667 0.5339894444444445 2 0.7310552604166667 0.5304946759259259 0 0 0 0 0 0 0 0 0 0 0 0 0 0 0 0 0 0 0 0 0 0 0 0 0 0 0 0 0 0 0
6 0.7719645572916666 0.5182073611111111 0.008647369791666666 0.01543050925925926 0.7747519270833333 0.5242311574074074 2 0.7749466666666667 0.521137638888889 0 0.7715784895833333 0.5126374074074075 0 0.7715300260416667 0.5211781018518519 0 0 0 0 0 0 0 0 0 0 0 0 0 0 0 0 0 0 0 0 0 0 0 0 0 0 0 0 0 0 0
6 0.7375165104166667 0.5231340277777777 0.010538020833333333 0.01780097222222222 0.7420364322916666 0.5168269907407407 0 0.7419302083333333 0.5268645833333333 0 0.7415940364583334 0.5290913888888888 2 0.7369376302083332 0.5269125925925926 0 0 0 0 0 0 0 0 0 0 0 0 0 0 0 0 0 0 0 0 0 0 0 0 0 0 0 0 0 0 0