6 0.6029096875000001 0.8109978703703704 0.18976473958333334 0.2609888888888889 0.6414048177083332 0.9245232407407408 2 0.6860808333333334 0.8142244907407407 2 0.5960468489583334 0.7186478703703704 0 0.5948087239583334 0.8858597222222223 0 0 0 0 0 0 0 0 0 0 0 0 0 0 0 0 0 0 0 0 0 0 0 0 0 0 0 0 0 0 0
6 0.7101967968749999 0.5666578240740741 0.03904854166666667 0.048493888888888885 0.7182895312500001 0.586213611111111 2 0.7258739062499999 0.580154212962963 2 0.6948769010416667 0.5838680092592593 2 0.6997133333333333 0.5787859722222222 0 0 0 0 0 0 0 0 0 0 0 0 0 0 0 0 0 0 0 0 0 0 0 0 0 0 0 0 0 0 0
6 0.7358490104166666 0.5489451851851852 0.022917994791666667 0.03270740740740741 0.7420319270833333 0.5627578703703704 2 0.7449997135416666 0.5600213888888889 2 0.7270830208333333 0.5606077777777778 2 0.7418120833333333 0.5621714814814815 0 0 0 0 0 0 0 0 0 0 0 0 0 0 0 0 0 0 0 0 0 0 0 0 0 0 0 0 0 0 0
6 0.76424734375 0.5609005555555555 0.028251432291666666 0.03815476851851852 0.7726658072916667 0.5776811111111111 0 0.7757641666666667 0.5736294444444445 2 0.7518723177083333 0.5754607407407407 2 0.7621172656249999 0.5684709722222223 0 0 0 0 0 0 0 0 0 0 0 0 0 0 0 0 0 0 0 0 0 0 0 0 0 0 0 0 0 0 0
6 0.6885862500000001 0.5408729166666666 0.025725338541666667 0.03351023148148148 0.700418984375 0.5255747685185186 0 0.6779129166666666 0.5560667592592593 2 0.6880825 0.5254556944444445 0 0.693819609375 0.5557824537037037 2 0 0 0 0 0 0 0 0 0 0 0 0 0 0 0 0 0 0 0 0 0 0 0 0 0 0 0 0 0 0
6 0.7589153385416666 0.5330046296296296 0.016207395833333336 0.023721666666666665 0.7671874479166667 0.52505625 0 0.76702609375 0.5401988425925927 0 0.7524804427083333 0.5416073611111112 2 0.7594432291666667 0.5402712962962963 0 0 0 0 0 0 0 0 0 0 0 0 0 0 0 0 0 0 0 0 0 0 0 0 0 0 0 0 0 0 0
6 0.7825743749999999 0.5239915277777778 0.012815 0.021607916666666664 0.786075390625 0.5312724537037038 2 0.7900765364583333 0.5311631018518519 0 0.7793376041666666 0.5308027314814814 2 0.7835715364583333 0.5312314351851852 0 0 0 0 0 0 0 0 0 0 0 0 0 0 0 0 0 0 0 0 0 0 0 0 0 0 0 0 0 0 0
6 0.7158568489583333 0.52419125 0.013775807291666666 0.019453935185185185 0.713529609375 0.5316452777777778 2 0.7115750520833333 0.5320313425925925 2 0.7211184374999999 0.5317903703703705 2 0.71913609375 0.5323189814814815 2 0 0 0 0 0 0 0 0 0 0 0 0 0 0 0 0 0 0 0 0 0 0 0 0 0 0 0 0 0 0
6 0.7327703906249999 0.5254264814814815 0.013118229166666667 0.01913541666666667 0.7402140364583333 0.5169693055555555 0 0.7284536979166667 0.5320043055555556 2 0.7376476822916668 0.5312069907407407 2 0.7333799479166667 0.5313651851851853 0 0 0 0 0 0 0 0 0 0 0 0 0 0 0 0 0 0 0 0 0 0 0 0 0 0 0 0 0 0 0
6 0.7737725260416667 0.5172778703703704 0.007753489583333333 0.010300092592592593 0.7756044010416667 0.5207617129629629 2 0.7771654427083334 0.5198412962962963 0 0.77159984375 0.5204587962962963 2 0.7734469270833333 0.5198769444444444 0 0 0 0 0 0 0 0 0 0 0 0 0 0 0 0 0 0 0 0 0 0 0 0 0 0 0 0 0 0 0
6 0.7514066927083333 0.5253058796296296 0.010224375 0.01575310185185185 0.7552858072916667 0.5193551851851852 0 0.7551972135416667 0.5291540277777778 0 0.7475725520833334 0.5309103703703704 2 0.7510337499999999 0.5292008796296297 0 0 0 0 0 0 0 0 0 0 0 0 0 0 0 0 0 0 0 0 0 0 0 0 0 0 0 0 0 0 0